7E 01 00 00 33 01 51 02 29 23 06 
00 00
00 0C 
00 6B
37 30 34 32 30 
54 57 37 30 33 00 00 00 00 00 00 00 00 00 00 00 00 00 00 00 
32 32 39 32 33 30 36 
02
BD F2 54 42 43 30 32 30 00 00 00 00 00 18 
01
7E

7E0100002E01510229230600000
00 C
00 6B
37 30 34 32 30 
54 57 37 30 33 00 00 00 00 00 00 00 00 00 00 00 00 00 00 00
32 32 39 32 33 30 36
02
BD F2 54 42 43 30 32 30 07 03 7E


7E010000260151022923060001000C006B37303432305457373033000000000000000000000000000000
32 32 39 32 33 30 36
02
26
03 7E

7E0100002D0151022923060000000C006B37303432305457373033000000000000000000000000000000
32 32 39 32 33 30 36 02 BD F2 54 42 43 30 32 36 01 7E



7E0100002D0151022923060000000C006B373034323054573730330000000000000000000000000000003232393233303602
BD F2 54 42 43 30 32 36 017E

7E0100002D0151022923060000000C006B37303432305457373033000000000000000000000000000000
32 32 39 32 33 30 36 
02
BD F2 54 42 43 30 32 30 
07
7E